         0          0          0          0          0  0.3284995    0.33056    0.26536  0.1924975  0.1320604 
         0          0          0          0          0  0.3334231  0.3314907  0.2647257  0.1913318  0.1310585 
         0          0          0          0          0  0.3404184  0.3336056   0.264299  0.1903705   0.130107 
         0          0          0          0          0  0.3441611  0.3344088  0.2637909  0.1896032  0.1294431 
         0          0          0          0          0  0.3490711  0.3348735  0.2626309  0.1883613  0.1282652 
         0          0          0          0          0  0.3549366  0.3366834  0.2627405  0.1878934  0.1278116 
         0          0          0          0          0  0.3603595  0.3380975  0.2625565  0.1872545  0.1272162 
         0          0          0          0          0  0.3641417  0.3383819   0.261776  0.1863267  0.1263998 
         0          0          0          0          0   0.370002  0.3403027  0.2622611  0.1860801  0.1261072 
         0          0          0          0          0  0.3743537  0.3412292  0.2618798  0.1854807  0.1255168 
         0          0          0          0          0  0.3810421  0.3433307  0.2621588  0.1851912  0.1251092 
         0          0          0          0          0  0.3852243  0.3444737  0.2621012   0.184834  0.1246824 
         0          0          0          0  0.2522048  0.3287018  0.2906976  0.2202467  0.1550057          0 
         0          0          0          0  0.2602875  0.3279947  0.2873763  0.2170326   0.152417          0 
         0          0          0          0  0.2678034  0.3273605  0.2842396  0.2137488  0.1496885          0 
         0          0          0          0  0.2726848  0.3267652  0.2817626  0.2113048  0.1477814          0 
         0          0          0          0  0.2788928   0.326086  0.2789684  0.2084492  0.1454546          0 
         0          0          0          0  0.2859728  0.3267729  0.2767637  0.2059368  0.1434568          0 
         0          0          0          0  0.2916403  0.3263194  0.2746232  0.2038581  0.1417338          0 
         0          0          0          0  0.2970928  0.3265458  0.2726225  0.2016346  0.1398416          0 
         0          0          0          0   0.303723  0.3268482  0.2708977  0.1996291  0.1383148          0 
         0          0          0          0  0.3088484  0.3270405  0.2692639    0.19783  0.1367089          0 
         0          0          0          0  0.3131766  0.3283558  0.2686274   0.196687  0.1359002          0 
         0          0          0          0  0.3178205  0.3283567  0.2670224   0.195053  0.1343941          0 
         0          0          0          0  0.3229595  0.3293357  0.2660254  0.1935749  0.1330454          0 
